id	year	buy	age	edu	income	exp	co	ad	prod
1	2013	1	5	3	17600	8800	9.3	11.36	5.01
2	2013	0	4	2	2500	2300	10.2	0.39	
3	2013	0	3	1	6700	5400	30.6	3.83	16.67
4	2013	1	2	1	1900	1200	24.4	1.36	3.28
5	2013	0	3	1	2500	1900	19.7	2.78	2.15
6	2013	0	2	1	1600	1100	1.7	0.18	0.09
7	2013	1	3	2	4100	4100	16.4	2.92	3.81
8	2013	0	5	2	5800	3800	18.4	3.08	7.59
9	2013	0	3	1	2200	1700	10.5	1.14	1.17
10	2013	0	2	1	3500	2800	2.9	0.08	0.94
11	2013	0	3	1	4800	3800	13.1	1.93	4.36
12	2013	0	3	3	2500	2400	3.7	0.31	0.61
13	2013	0	3	1	3400	2500	5	0.4	1.3
14	2013	0	4	3	10000	5600	2.5	1.49	1.02
15	2013	0	3	1	2300	1900	12.4	0.87	1.98
16	2013	0	3	1	4600	4300	9.1	2.52	1.67
17	2013	1	2	2	3100	2600	8.2	1.49	1.05
18	2013	0	4	4	2600	2300	10.6	1.52	1.24
19	2013	0	4	1	4400	4400	1.7	0.07	0.68
20	2013	0	5	1	5100	3100	23.8	3.74	8.4
21	2013	0	2	1	2100	2000	0.6	0.03	0.1
22	2013	0	3	1	4500	2400	17	2.74	4.91
23	2013	0	2	1	2000	1500	5.4	0.32	0.76
24	2013	1	2	2	3600	2000	12.4	3.49	0.97
25	2013	0	3	1	2300	2000	6.2	0.05	1.37
26	2013	0	3	1	5400	3800	10.6	1.5	4.22
27	2013	1	4	3	1500	1700	26.3	1.96	1.98
28	2013	0	4	1	5200	4800	7.3	0.93	2.87
29	2013	0	3	1	2700	1600	5.8	0.78	0.79
30	2013	0	2	1	2600	1100	13.5	1.3	2.21
31	2013	0	4	3	3900	3500	4.9	0.46	1.45
32	2013	0	3	1	4100	1400	8.9	0.27	3.38
33	2013	0	2	3	2400	2000	7.7	0.83	1.01
34	2013	0	4	1	5100	2600	21.4	2.41	8.5
35	2013	0	2	2	3300	3600	5.2	0.55	1.16
36	2013	0	3	2	6500	5200	6.2	2.11	1.92
37	2013	0	4	1	4300	2300	4.4	0.69	1.2
38	2013	1	5	2	6800	4700	13	1.02	7.82
39	2013	0	2	4	2700	2400	2.9	0.31	0.47
40	2013	0	2	2	5700	2900	2.2	0.45	0.8
41	2013	0	2	2	2300	1800	12.4	0.29	2.57
42	2013	0	4	1	2800	1400	5.9	0.96	0.69
43	2013	1	2	2	3700	1600	6.6	1.16	1.28
44	2013	1	2	1	1600	1200	16	1.01	1.55
45	2013	0	4	2	4100	2500	3.4	0.36	1.04
46	2013	0	2	4	2600	2900	12.4	0.38	2.85
47	2013	0	3	1	3300	2200	8.4	0.68	2.09
48	2013	0	3	1	3200	2500	11.3	2.1	1.51
49	2013	1	5	1	2800	3200	14.8	1.56	2.59
50	2013	0	3	1	2600	1500	4.5	0.31	0.86
51	2013	0	2	3	4400	3400	8.7	0.77	3.05
52	2013	1	3	2	2400	1400	12.5	0.59	2.41
53	2013	0	5	1	7900	5400	4	1.73	1.43
54	2013	0	3	1	2100	1900	7.5	0.57	1.01
55	2013	1	5	2	3500	1300	22.9	2.12	5.89
56	2013	0	3	1	4600	2800	5	0.56	1.74
57	2013	0	4	2	5700	4400	5.6	0.88	2.31
58	2013	0	2	1	3400	1300	6.5	0.85	1.36
59	2013	1	3	1	2800	1400	11.2	0.82	2.32
60	2013	1	3	1	2100	1600	2.5	0.28	0.25
61	2013	0	3	2	4000	3200	7.2	0.18	2.7
62	2013	0	2	3	6300	5600	5.5	0.57	2.89
63	2013	0	4	3	11600	8700	6	2.56	4.4
64	2013	0	5	1	8100	4700	7.2	1.78	4.05
65	2013	0	2	1	2400	1300	2.4	0.11	0.47
66	2013	1	5	3	7000	5700	19.9	3.18	10.75
67	2013	0	2	1	1700	1800	7.9	0.3	1.04
68	2013	0	2	1	2200	2000	14.4	0.85	2.32
69	2013	0	3	2	3800	2100	0.6	0.03	0.2
70	2013	0	3	2	3300	2800	2.8	0.1	0.82
71	2013	0	3	1	2700	2900	0.9	0.07	0.17
72	2013	0	5	3	11800	8800	14.4	9.6	7.39
73	2013	0	3	1	3900	2500	1.8	0.14	0.56
74	2013	0	3	1	2500	2600	14.1	1.18	2.35
75	2013	0	3	1	4000	2500	18.5	1.21	6.19
76	2013	0	3	2	9800	6300	13.3	4.87	8.16
77	2013	0	3	1	4400	4100	4.5	0.61	1.37
78	2013	0	4	1	3000	1800	24.5	2.21	5.14
79	2013	0	2	2	1800	1100	11.9	0.4	1.74
80	2013	0	2	1	1600	1600	15.2	0.87	1.56
81	2013	0	3	1	4500	3600	3.7	0.92	0.75
82	2013	0	5	2	12000	7300	7.6	4.14	4.98
83	2013	0	2	1	1600	900	1.2	0.08	0.11
84	2013	0	3	1	3800	2200	21	0.69	7.29
85	2013	0	2	2	3800	2000	7.2	0.77	1.96
86	2013	0	3	1	3600	4400	2.4	0.27	0.59
87	2013	0	3	1	3800	3300	8.9	1.9	1.48
88	2013	1	3	1	2800	1400	4.8	0.35	1
89	2013	0	2	1	2500	1600	13.9	1.07	2.4
90	2013	0	3	2	3000	1800	7.6	0.65	1.63
91	2013	0	5	1	3600	3200	3.4	0.18	1.05
92	2013	0	2	1	3600	2600	6.1	0.71	1.49
93	2013	0	3	4	3200	3400	5.5	0.5	1.26
94	2013	0	4	1	5200	4300	5.4	0.93	1.88
95	2013	0	2	1	1700	1100	9	0.47	1.06
96	2013	0	3	1	5600	4600	1.9	0.54	0.52
97	2013	0	2	3	7500	7600	6.3	2.21	2.52
98	2013	0	3	3	4400	3500	14.7	0.45	6.02
99	2013	0	3	1	5700	2600	19.4	1.56	9.5
100	2013	1	3	1	6000	4700	27.1	9.59	6.67
101	2013	0	4	1	3100	2200	11.6	1.02	2.57
102	2013	0	3	1	5200	3500	20	4.16	6.24
103	2013	0	2	4	2300	1800	6.7	0.47	1.07
104	2013	0	5	1	2400	1500	5	0.38	0.82
105	2013	1	2	3	4500	3800	11	0.29	4.66
106	2013	0	4	1	4900	3100	1.6	0.43	0.35
107	2013	1	3	1	2300	1600	8.1	0.9	0.97
108	2013	1	4	2	3500	1800	16.4	1.58	4.16
109	2013	1	5	1	12000	12900	26.5	14.6	17.2
110	2013	0	4	1	8900	6800	17.4	2.77	12.71
111	2013	0	4	1	3200	2300	3.7	0.85	0.33
112	2013	0	2	1	3100	2100	8	0.16	2.32
113	2013	1	2	3	4700	2300	19.8	5.57	3.73
114	2013	0	3	1	3200	2400	11.3	1.17	2.45
115	2013	0	4	2	4300	3700	0.7	0.09	0.22
116	2013	0	3	2	6200	5300	8.5	1.19	4.08
117	2013	1	2	2	1500	1500	16.1	0.32	2.09
118	2013	0	2	1	2700	1600	2.3	0.07	0.55
119	2013	0	4	2	3000	3200	6.7	0.11	1.9
120	2013	1	3	1	1800	1200	12.9	1.58	0.74
121	2013	0	3	1	6700	6400	11.2	5.25	2.26
122	2013	0	3	1	5100	2800	9.6	1.88	3.02
123	2013	1	3	1	7200	7000	41.3	15.02	14.72
124	2013	0	2	1	4500	2600	7.7	1.85	1.61
125	2013	1	4	1	5000	5600	30.8	6.11	9.29
126	2013	0	2	1	2200	2100	5.1	0.21	0.91
127	2013	0	4	5	12600	5400	3.1	0.48	3.43
128	2013	0	3	1	2300	2200	4.9	0.23	0.9
129	2013	0	3	1	5600	5500	6.1	0.86	2.55
130	2013	1	5	4	7800	6100	17.3	6.94	6.56
131	2013	0	3	1	2800	2800	17	1.14	3.62
132	2013	0	2	2	2800	1900	9.3	1.27	1.33
133	2013	1	2	1	1600	1500	9.6	0.8	0.73
134	2013	0	3	2	5600	3100	1.6	0.44	0.45
135	2013	0	4	3	6400	4300	6.6	0.28	3.95
136	2013	0	4	2	13200	6100	3	2.56	1.4
137	2013	1	2	2	2900	1600	21.2	2.33	3.82
138	2013	0	3	2	5600	4400	6.4	0.33	3.25
139	2013	0	4	1	2900	1900	4.6	0.05	1.28
140	2013	1	5	2	5700	2400	23.8	5.44	8.13
141	2013	0	4	2	8300	5400	4.1	0.26	3.14
142	2013	0	3	4	3200	1900	1.6	0.02	0.49
143	2013	0	4	1	8900	7100	0.4	0.16	0.2
144	2013	1	2	1	2500	1900	4.5	0.12	1
145	2013	0	4	1	7600	5200	20.5	6.95	8.63
146	2013	1	3	1	6800	5700	25.1	7.82	9.25
147	2013	0	5	1	3600	3200	4.8	0.83	0.89
148	2013	0	3	2	5600	3700	18.7	4.76	5.71
149	2013	0	4	3	15700	9400	6.6	3.33	7.04
150	2013	0	3	2	4500	1900	3.7	0.98	0.68
151	2013	0	4	1	10000	5300	14.6	5.4	9.2
152	2013	0	3	1	4200	2600	9.1	1.54	2.28
153	2013	1	2	1	2100	1100	28.9	2.68	3.39
154	2013	0	2	2	2200	1000	11.5	0.65	1.88
155	2013	0	3	1	1700	1500	12	0.3	1.74
156	2013	0	2	1	1400	1300	17.5	0.23	2.22
157	2013	0	3	1	1900	1100	4.4	0.34	0.5
158	2013	1	2	2	2100	1400	12.5	0.49	2.14
159	2013	0	4	1	3000	2800	22.3	2.66	4.03
160	2013	0	2	2	3400	2100	4.4	0.24	1.26
161	2013	0	5	2	6500	5400	18.4	1.99	9.97
162	2013	1	2	4	2900	1900	6.6	0.59	1.32
163	2013	0	5	1	1800	2100	4.4	0.27	0.52
164	2013	1	2	4	2300	2200	5.7	0.32	0.99
165	2013	1	3	2	5700	5400	20.9	6.11	5.8
166	2013	1	4	2	3300	2600	7.1	1.19	1.15
167	2013	1	2	1	1800	1700	18.9	0.51	2.89
168	2013	0	2	3	1800	1200	7.7	0.48	0.91
169	2013	0	4	1	7900	9700	7.5	0.78	5.14
170	2013	0	2	2	2400	2500	19.1	2.17	2.41
171	2013	0	2	2	2500	2000	4.2	0.58	0.47
172	2013	0	3	1	7300	8600	14.3	3.73	6.71
173	2013	0	2	2	2500	1900	6.8	0.71	0.99
174	2013	0	2	1	1800	1400	6	0.53	0.55
175	2013	0	4	1	6900	5400	6.4	0.41	4.01
176	2013	1	2	3	2500	1800	13.8	1.98	1.47
177	2013	0	4	1	3000	2200	9.7	1.47	1.44
178	2013	0	3	1	6700	4500	13.2	3.74	5.1
179	2013	0	4	2	6600	5100	9.6	1.64	4.69
180	2013	1	2	1	1400	800	16.1	0.84	1.42
181	2013	0	5	1	4800	4400	7.6	1.47	2.17
182	2013	0	3	3	2500	2000	5.7	0.34	1.08
183	2013	0	3	4	12300	8000	17.3	3.02	18.26
184	2013	1	2	1	1700	1100	2.5	0.2	0.23
185	2013	0	3	2	2600	2400	3.1	0.03	0.78
186	2013	0	3	2	4900	5300	1.3	0.27	0.36
187	2013	1	2	3	8400	4500	13.6	6.91	4.51
188	2013	1	2	4	2500	1400	12.7	1.42	1.76
189	2013	0	4	1	9100	7800	13.7	0.57	11.89
190	2013	1	2	1	2200	1800	27.7	5.28	0.81
191	2013	0	4	2	7900	4000	7.3	0.29	5.48
192	2013	0	2	2	3600	2200	8.6	0.38	2.71
193	2013	0	3	1	1800	1600	13	0.13	2.21
194	2013	0	4	1	6200	4400	15	2.44	6.86
195	2013	0	3	1	5700	6000	5.5	1.36	1.78
196	2013	0	3	1	2400	2900	9.6	1.04	1.26
197	2013	0	4	3	7300	4500	5.4	2.22	1.72
198	2013	0	4	4	4700	4800	5	0.44	1.91
199	2013	1	2	1	2900	3200	25.7	2.53	4.93
200	2013	0	3	2	6400	3100	3	0.65	1.27
201	2013	0	4	2	12900	8900	2.5	0.55	2.67
202	2013	0	3	1	6000	2800	5.4	1.06	2.18
203	2013	1	2	2	3000	2600	4.8	0.12	1.32
204	2013	1	2	2	2200	1700	11.4	1.27	1.23
205	2013	0	4	2	6300	6100	15.4	4.64	5.06
206	2013	0	2	1	1900	1200	6.9	0.19	1.12
207	2013	0	3	1	4500	3400	7	0.54	2.61
208	2013	0	5	4	6100	2400	7.9	1.87	2.94
209	2013	0	5	3	10200	11400	14.1	5.78	8.6
210	2013	0	4	1	10000	8900	11.5	5.06	6.44
211	2013	1	2	2	2900	1500	13.3	2.15	1.71
212	2013	0	4	2	1900	2900	6.3	0.12	1.07
213	2013	0	4	1	1900	1200	4.4	0.24	0.59
214	2013	0	3	2	2500	2700	11.5	2.33	0.54
215	2013	0	5	1	3400	3100	6.8	0.3	2.01
216	2013	0	4	1	3700	2200	1.3	0.18	0.3
217	2013	0	4	1	6000	4500	2.1	0.32	0.94
218	2013	0	3	1	2400	1500	6.6	0.44	1.14
219	2013	0	5	1	2300	2100	12.5	0.14	2.73
220	2013	0	3	3	5400	5300	2.8	0.4	1.11
221	2013	0	2	2	2400	1100	6.3	0.55	0.96
222	2013	0	3	1	2000	1200	1.2	0.04	0.2
223	2013	1	3	1	3400	2400	11.1	1.37	2.4
224	2013	0	2	2	2000	1400	3.7	0.32	0.42
225	2013	1	4	1	3600	3000	2.1	0.39	0.37
226	2013	0	3	1	4800	4500	9.3	0.42	4.04
227	2013	0	3	1	4200	3400	3	0.09	1.17
228	2013	1	3	1	3300	1700	25.4	1.17	7.22
229	2013	0	3	1	1800	1100	10.7	0.23	1.7
230	2013	0	4	1	25300	14100	7.2	9.31	8.91
231	2013	1	5	1	2700	2900	28.9	2.75	5.05
232	2013	0	2	2	2100	1300	11.5	0.37	2.05
233	2013	0	3	1	3200	1900	7.6	0.49	1.94
234	2014	0	5	1	3100	2400	17.3	1.36	4
235	2014	0	4	1	12000	9600	2.9	2.66	0.82
236	2014	1	2	2	2800	1200	17.3	1.79	3.06
237	2014	0	3	1	2900	3100	16.3	1.72	3.01
238	2014	0	4	1	10000	9600	9.1	3.7	5.4
239	2014	0	4	3	2600	1700	1.7	0.1	0.34
240	2014	0	2	1	2600	1100	10	0.43	2.17
241	2014	0	5	1	2700	1500	9.8	0.4	2.24
242	2014	1	2	2	1600	1100	18	0.24	2.64
243	2014	0	4	2	6900	7400	6.7	0.71	3.92
244	2014	0	4	1	6400	4600	16.7	0.95	9.74
245	2014	0	2	3	3700	2500	14.2	0.2	5.05
246	2014	0	4	1	2000	2000	2.1	0.11	0.32
247	2014	0	3	2	2200	1500	16.1	1.41	2.13
248	2014	0	3	2	5400	4500	14.4	3.2	4.58
249	2014	1	2	2	2400	1700	17.1	1.34	2.77
250	2014	0	4	1	5000	2500	4.2	0.56	1.54
251	2014	0	2	1	3100	3000	6.6	0.34	1.71
252	2014	0	3	1	5900	3800	8	1.81	2.91
253	2014	1	2	1	1400	900	7.5	0.3	0.75
254	2014	0	2	2	1600	1300	6.8	0.15	0.94
255	2014	0	3	1	3500	3500	4.5	0.43	1.14
256	2014	0	3	1	4200	4500	7.4	0.21	2.9
257	2014	1	3	1	2500	1800	12.6	0.57	2.58
258	2014	0	4	1	2000	700	14	0.81	1.99
259	2014	1	4	1	5200	5500	12.9	3.03	3.68
260	2014	0	4	2	2800	900	9.5	0.55	2.11
261	2014	0	5	3	8000	7500	12.2	2.48	7.28
262	2014	1	3	2	7500	5600	23.3	7.76	9.72
263	2014	1	2	2	2300	1400	6.4	0.19	1.29
264	2014	1	2	1	2000	1900	18.6	0.57	3.15
265	2014	0	4	1	10000	8000	12.8	4.58	8.22
266	2014	0	5	1	3700	2100	2.6	0.2	0.76
267	2014	0	5	1	3900	3100	3.2	0.69	0.56
268	2014	0	3	4	2900	2800	11	1.84	1.35
269	2014	0	3	3	2900	1600	24.6	1.41	5.73
270	2014	1	2	1	1500	800	11.4	0.37	1.34
271	2014	0	3	1	5400	3800	4.4	0.73	1.65
272	2014	0	4	3	8200	4100	3.3	1.32	1.39
273	2014	0	3	1	2600	1700	8.3	0.03	2.13
274	2014	0	4	1	2800	2800	3.6	0.53	0.47
275	2014	0	3	2	6000	4300	7.9	1.72	3.02
276	2014	0	5	1	6400	7000	8.6	1.87	3.64
277	2014	1	3	2	2700	2400	12.8	1.09	2.37
278	2014	0	4	1	3700	2800	9.5	1.34	2.17
279	2014	1	3	4	2700	2500	35.3	1.98	7.55
280	2014	0	2	2	3600	2900	1.4	0.13	0.38
281	2014	0	2	1	2500	1700	9	0.37	1.88
282	2014	0	4	2	6800	4800	5.8	1.51	2.44
283	2014	0	3	1	6000	4000	13.7	2.45	5.77
284	2014	0	2	1	2400	1200	6.7	0.47	1.14
285	2014	1	2	1	4500	3500	17.8	2.85	5.16
286	2014	0	4	1	6800	4400	5.4	0.45	3.22
287	2014	0	3	4	2500	1900	10	1.77	0.73
288	2014	0	3	1	4400	3500	8	1.72	1.8
289	2014	0	4	2	5100	5600	18.1	1.55	7.68
290	2014	0	2	1	3000	1800	7.2	0.61	1.55
291	2014	1	3	1	2900	2100	13.8	1.35	2.65
292	2014	0	3	1	2600	2400	4.1	0.33	0.74
293	2014	1	4	2	10200	7900	18.9	6.23	13.05
294	2014	1	2	1	2400	1400	15.6	1.64	2.11
295	2014	0	3	1	2800	1900	11.3	0.29	2.87
296	2014	0	3	1	2400	2000	8.9	0.6	1.53
297	2014	0	4	3	8000	6100	3	0.91	1.49
298	2014	0	3	1	2700	2100	8	0.97	1.19
299	2014	0	2	1	5600	3900	16.9	4.64	4.83
300	2014	1	2	2	2200	1000	13.2	1.09	1.82
301	2014	0	3	1	3300	3500	4.2	0.5	0.89
302	2014	1	2	1	1800	1500	5.9	0.24	0.82
303	2014	0	3	4	2800	1900	4.3	0.38	0.83
304	2014	1	3	2	3200	1900	23.1	3.34	4.05
305	2014	0	2	1	1900	1600	4.1	0.26	0.52
306	2014	0	4	4	4500	3100	9.8	0.97	3.44
307	2014	0	3	1	2600	1600	6	0.54	1.02
308	2014	0	2	2	3000	2400	1	0.14	0.16
309	2014	0	2	2	3500	2900	1.9	0.09	0.58
310	2014	1	4	1	4800	2500	9	1.97	2.35
311	2014	1	3	3	3700	1800	5.4	0.58	1.42
312	2014	0	4	1	3500	3400	10.2	1.35	2.22
313	2014	1	2	2	3000	1900	4	0.45	0.75
314	2014	0	2	2	4400	2400	18.1	3.7	4.26
315	2014	0	4	3	6000	4700	15.3	1.61	7.57
316	2014	0	2	2	2800	1800	9.5	0.23	2.43
317	2014	0	3	1	3900	1900	9.5	2.06	1.65
318	2014	0	2	3	3500	2900	13.3	1.6	3.05
319	2014	0	3	1	3100	2300	23.7	2.06	5.29
320	2014	1	3	1	5200	4000	21.3	2.71	8.36
321	2014	0	3	2	10500	7300	1.9	1.42	0.58
322	2014	0	3	2	2100	1100	7.9	0.37	1.29
323	2014	0	5	3	8200	7100	4.4	2.6	1
324	2014	0	3	2	3300	3000	9.5	0.57	2.56
325	2014	0	3	2	7800	5100	5.4	2.16	2.06
326	2014	1	5	1	2400	1400	19.2	0.8	3.81
327	2014	0	3	1	2200	1300	6.4	0.63	0.78
328	2014	1	3	3	5900	5400	14.6	3.11	5.5
329	2014	1	3	1	3900	2200	24.7	4.37	5.26
330	2014	0	3	1	4100	3200	12.6	0.13	5.03
331	2014	0	2	2	2500	3000	10.4	0.57	2.03
332	2014	1	3	2	2200	2300	22.7	1.21	3.79
333	2014	0	5	2	15900	5400	2.8	1.07	3.38
334	2014	0	2	1	2100	1900	2.6	0.1	0.45
335	2014	1	3	1	4900	2700	9.8	3.24	1.57
336	2014	0	3	1	2000	1700	17.1	2.05	1.37
337	2014	1	2	2	2700	2500	5	0.55	0.8
338	2014	1	4	1	12900	7000	25.3	20.56	12.08
339	2014	0	4	2	5400	3300	9.6	0.62	4.56
340	2014	0	4	1	8100	5100	5.5	1.51	2.95
341	2014	0	5	1	1800	1200	1.2	0.07	0.15
342	2014	0	2	1	2500	1600	7.1	1.31	0.47
343	2014	0	3	1	5400	4100	12.1	4.59	1.94
344	2014	1	2	1	1400	1100	14.4	0.59	1.43
345	2014	0	3	4	2900	2700	11.1	1.07	2.15
346	2014	1	2	3	4000	3100	3.1	0.28	0.96
347	2014	0	3	1	2300	1800	12	0.76	2
348	2014	1	2	4	4100	2600	2.5	0.46	0.57
349	2014	0	3	1	3900	3500	8.2	0.77	2.42
350	2014	1	5	1	2800	1900	14.2	0.44	3.54
351	2014	0	3	2	1500	1000	6.5	0.35	0.62
352	2014	0	4	2	7400	4800	13.4	4.52	5.39
353	2014	1	3	1	1900	1400	16.6	0.62	2.53
354	2014	0	2	2	1900	1400	4.3	0.36	0.46
355	2014	1	4	3	5600	3200	14.5	0.37	7.75
356	2014	1	3	1	2200	1800	23.1	1.92	3.17
357	2014	0	2	1	2100	1800	18.1	1.11	2.69
358	2014	0	3	2	4700	3000	1.9	0.43	0.46
359	2014	0	3	5	2000	1600	8.1	0.73	0.89
360	2014	0	3	2	10100	7800	1.4	0.34	1.07
361	2014	0	2	1	1700	900	2.5	0.13	0.29
362	2014	0	3	4	4000	2200	6.4	0.95	1.61
363	2014	0	2	1	2100	1600	4.9	0.61	0.42
364	2014	0	3	1	6000	1900	4.8	0.8	2.08
365	2014	0	4	1	9500	5500	3.6	0.63	2.79
366	2014	1	2	3	1600	800	6.4	0.27	0.75
367	2014	0	3	1	4400	5100	3.1	0.53	0.84
368	2014	1	4	3	5200	3300	20.1	2.54	7.91
369	2014	0	2	2	3700	2700	8.3	1.12	1.95
370	2014	0	3	1	3400	3500	15.4	2.1	3.14
371	2014	0	3	1	3100	2600	4.8	0.18	1.3
372	2014	0	4	1	5100	4600	11.7	1.26	9.39
373	2014	1	4	1	2100	900	14.8	1.38	1.73
374	2014	0	4	1	2400	1600	7	0.76	0.92
375	2014	0	3	3	6100	3100	2.8	0.55	1.16
376	2014	1	2	4	3200	3000	18.4	0.82	5.07
377	2014	0	2	3	1700	2000	2.3	0.04	0.35
378	2014	0	4	1	6400	4800	6.6	0.79	3.43
379	2014	0	3	2	5300	5100	3.7	0.69	1.27
380	2014	0	3	1	7500	4700	18.9	3.13	11.04
381	2014	1	4	4	34600	10200	6.5	16.03	12.96
382	2014	0	5	1	5900	4500	15	4.67	4.18
383	2014	0	3	3	2300	2200	4.5	0.33	0.71
384	2014	0	4	1	2500	2400	10.2	1.63	0.92
385	2014	1	3	1	2200	1900	16.4	1.74	1.87
386	2014	0	3	3	3900	2900	12.9	2.56	2.47
387	2014	0	5	1	3900	2700	7.9	1.07	2.01
388	2014	1	3	4	3300	2300	16.1	2.69	2.62
389	2014	0	5	1	2600	1800	14.3	1.85	1.87
390	2014	0	3	1	2100	1700	4	0.28	0.56
391	2014	0	3	3	2800	2400	2.6	0.12	0.61
392	2014	0	3	2	3000	2700	5.8	0.6	1.14
393	2014	0	2	1	1600	1300	23.8	1.09	2.72
394	2014	1	4	3	22100	6000	17.6	15.79	23.1
395	2014	0	3	2	5900	3900	2.4	0.41	1.01
396	2014	0	5	2	7600	4700	7.7	0.99	4.86
397	2014	0	2	1	2200	1400	10.9	0.4	2
398	2014	0	5	2	16600	14500	11.5	0.82	18.27
399	2014	1	2	2	2600	1800	9.7	0.89	1.63
400	2014	0	3	1	3300	2300	7.3	0.78	1.63
401	2014	0	3	2	2500	1900	5.8	0.57	0.88
402	2014	0	5	2	6000	3600	1.1	0.47	0.19
403	2014	1	4	3	9100	7700	25.2	2.32	20.62
404	2014	1	3	3	6300	5800	16	5.72	4.36
405	2014	1	2	1	1600	1300	17.8	1.01	1.84
406	2014	0	3	2	9800	5300	7.2	2.94	4.12
407	2014	0	4	2	8600	7700	13	1.48	9.7
408	2014	1	4	2	3600	2700	19.5	4.51	2.51
409	2014	0	3	1	2300	1600	14.7	0.83	2.55
410	2014	0	5	1	8900	5800	4.7	0.4	3.79
411	2014	0	2	1	2000	1000	3.5	0.11	0.6
412	2014	0	2	2	1600	1400	14.7	0.57	1.78
413	2014	0	3	3	5200	4900	9.2	1.5	3.29
414	2014	0	3	1	2100	1200	8.3	0.73	1.01
415	2014	0	4	1	3200	1500	2.9	0.07	0.86
416	2014	0	2	2	4600	3700	1.6	0.24	0.49
417	2014	0	2	1	1900	1700	4.1	0.29	0.49
418	2014	0	3	1	3300	3200	4.2	0.15	1.24
419	2014	0	5	2	24900	17000	7.8	4.27	15.15
420	2014	0	2	1	3000	1200	8.2	0.15	2.31
421	2014	0	3	2	2700	2900	1.7	0.3	0.16
422	2014	0	2	1	3200	2200	4.7	0.13	1.38
423	2014	0	3	2	6800	2500	20.1	2.86	10.81
424	2014	1	3	1	1600	1700	28.5	0.89	3.67
425	2014	0	3	2	5300	3400	13.5	1.19	5.96
426	2014	1	3	2	2000	1700	21.7	0.17	4.17
427	2014	1	4	3	8600	7400	26.5	4.99	17.8
428	2014	1	3	1	2000	1800	3	0.26	0.34
429	2014	1	2	2	3500	2000	9	0.78	2.37
430	2014	0	4	1	4600	2500	6.2	0.97	1.89
431	2014	0	3	1	2200	1300	6.7	0.37	1.1
432	2014	0	3	3	2700	2400	2.2	0.13	0.47
433	2014	0	3	2	3200	2700	6.6	1.43	0.68
434	2014	0	4	3	11500	6000	4	0.65	3.95
435	2014	1	2	3	4200	3200	19.9	2.71	5.65
436	2014	0	5	1	11400	11800	8.5	3.29	6.4
437	2014	0	2	1	1700	1200	1.6	0.01	0.26
438	2014	1	2	1	1500	1200	11.3	0.07	1.62
439	2014	1	2	1	1700	1900	5.6	0.57	0.38
440	2014	0	3	2	3700	2100	4.5	0.83	0.83
441	2014	0	3	1	4000	2500	9.8	1.98	1.94
442	2014	1	2	4	1800	1600	33.4	2.8	3.21
443	2014	0	5	2	3800	2200	6.9	0.36	2.26
444	2014	1	5	2	2600	2100	6.1	0.54	1.05
445	2014	0	3	1	2000	1500	12.3	0.11	2.35
446	2014	0	3	1	3900	3100	5.7	0.22	2.01
447	2014	1	2	4	3400	1200	8.5	0.13	2.76
448	2014	1	2	2	4100	3100	25.1	5.9	4.39
449	2014	0	4	1	8300	5200	14	6.59	5.03
450	2014	0	4	2	7300	3400	6.8	2.87	2.09
451	2014	1	2	1	1800	2100	25.6	1.98	2.63
452	2014	0	3	1	3600	2000	4.7	0.62	1.07
453	2014	0	3	1	4300	2000	6.2	1.04	1.63
454	2014	1	4	2	2600	2800	19.2	1.47	3.52
455	2014	0	4	1	3100	800	13.8	1.62	2.66
456	2014	1	4	3	5500	3600	16.5	1.75	7.32
457	2014	0	3	3	3900	3100	10.4	1.6	2.45
458	2014	1	2	2	1800	900	5.1	0.45	0.47
459	2014	0	4	2	2900	1200	5.4	0.44	1.12
460	2014	0	3	1	4700	2900	10.9	2.86	2.26
461	2014	0	2	1	2100	800	19.8	1.02	3.14
462	2014	0	2	1	2200	1100	20.2	2.26	2.18
463	2014	1	4	1	13600	6800	23.1	14.23	17.18
464	2014	1	2	1	2100	1400	8.4	1.21	0.55
465	2014	1	3	1	4100	3600	30.7	3	9.59
466	2014	0	5	2	4400	3700	5.6	1.33	1.13
467	2014	0	2	2	2500	2400	2.9	0.34	0.39
468	2014	0	5	2	2800	1800	18.7	2.13	3.11
469	2014	1	2	3	2000	2000	9.4	0.23	1.65
470	2014	0	3	1	3500	3800	8	1.27	1.53
471	2014	0	3	1	7700	5600	10.6	5.5	2.66
472	2014	0	3	1	2300	1600	0.9	0.08	0.13
473	2014	0	3	1	2900	3200	4.9	0.26	1.16
474	2014	0	3	3	4300	3400	13	0.96	4.63
475	2014	0	2	1	1800	2100	12.8	0.58	1.72
476	2014	1	2	1	1400	1200	9.7	0.2	1.16
477	2014	0	3	3	2000	1500	7.9	0.85	0.73
478	2014	1	3	1	3300	2600	10.3	2.5	0.9
479	2014	0	2	2	1600	1000	7.3	0.02	1.14
480	2015	0	4	1	5500	2900	5.5	0.86	2.17
481	2015	0	4	1	3800	4300	3.6	0.13	1.24
482	2015	0	2	1	2300	1800	5.2	0.25	0.94
483	2015	0	5	1	6400	6000	10	3.93	2.47
484	2015	1	3	2	4900	3400	8.6	0.82	3.4
485	2015	0	4	1	7200	8300	7.6	1.18	4.29
486	2015	0	3	1	6100	6700	5.7	0.56	2.91
487	2015	0	5	1	5200	4900	3.2	1.15	0.51
488	2015	0	4	1	4300	2800	5.6	0.59	1.82
489	2015	0	2	4	3200	2700	17.6	2.14	3.49
490	2015	0	2	3	2600	2100	6	0.72	0.84
491	2015	0	2	1	2700	1300	14.4	1.02	2.87
492	2015	0	2	2	4500	5600	26	6.05	5.65
493	2015	0	4	2	4100	2000	4.6	0.94	0.94
494	2015	0	4	1	2600	2100	10.4	0.12	2.58
495	2015	1	2	2	2100	2200	11.4	0.78	1.62
496	2015	1	3	1	2400	1600	15.1	1.8	1.82
497	2015	0	3	2	6900	3900	2.4	1.06	0.59
498	2015	0	3	1	2800	2900	2.4	0.05	0.62
499	2015	1	2	1	4200	3300	7.4	1.46	1.65
500	2015	0	3	2	5500	3300	7	2.16	1.69
501	2015	0	2	2	2800	2600	7.8	1.02	1.16
502	2015	0	3	2	2100	1200	23.1	1.4	3.45
503	2015	0	2	2	3400	1800	23.8	3.1	4.99
504	2015	0	2	1	1700	1200	6.7	0.16	0.98
505	2015	1	2	1	2700	2500	10.5	2.47	0.36
506	2015	0	3	1	3200	3200	19.6	2.7	3.58
507	2015	0	4	1	4500	4900	18.8	2.01	6.45
508	2015	0	3	1	2800	2700	2.9	0.12	0.7
509	2015	1	2	2	1700	1100	27.7	2.04	2.67
510	2015	1	3	2	1800	1900	5.8	0.3	0.75
511	2015	0	2	2	1900	1600	6.3	0.68	0.52
512	2015	1	3	3	3100	1500	9.3	1.33	1.55
513	2015	0	3	1	11300	9000	2.6	0.99	1.95
514	2015	0	4	2	12100	9800	3.1	1.37	2.39
515	2015	0	4	2	7500	7700	23.6	9.88	7.82
516	2015	1	5	1	5000	4500	11.2	2.02	3.58
517	2015	0	3	2	4500	2200	10.1	1.12	3.43
518	2015	0	4	2	7300	6200	3.4	1.03	1.45
519	2015	1	2	1	2000	1500	6.7	0.47	0.87
520	2015	1	2	1	1900	1000	8.4	0.28	1.32
521	2015	1	3	1	2200	2300	12.7	1.09	1.7
522	2015	0	2	1	2200	1000	2.8	0.14	0.48
523	2015	0	3	1	1800	1700	12.9	0.98	1.34
524	2015	0	4	2	3500	3900	17.4	0.55	5.54
525	2015	0	2	1	2100	1400	6.3	0.52	0.8
526	2015	0	4	3	13500	12600	4.4	1.28	4.66
527	2015	0	3	1	2500	1900	9.1	0.14	2.13
528	2015	1	4	1	7600	2200	6.1	2.15	2.48
529	2015	0	3	1	2300	2000	16.3	1.33	2.42
530	2015	0	2	2	3300	3700	13.2	1.63	2.72
531	2015	0	3	3	3900	2500	19.2	2.8	4.69
532	2015	0	2	1	2600	2400	8.9	1.42	0.89
533	2015	1	3	2	2600	1900	6.8	0.28	1.49
534	2015	0	3	1	3800	3300	6.5	1.18	1.29
535	2015	0	4	4	4400	3500	1.7	0.35	0.39
536	2015	0	2	1	2200	1800	9.7	0.55	1.58
537	2015	1	3	1	2000	1500	4.8	0.31	0.65
538	2015	0	3	1	7300	4600	8.8	3.75	2.67
539	2015	0	2	1	2200	2300	10.3	0.72	1.55
540	2015	0	2	1	1800	900	17.3	0.16	2.96
541	2015	0	5	2	3400	3100	7	0.36	2.02
542	2015	0	2	4	2900	1800	24.2	1.42	5.59
543	2015	1	4	1	4300	3100	15	2.79	3.66
544	2015	0	3	1	1600	1200	9.3	0.43	1.05
545	2015	0	5	1	7800	5000	15.6	4.4	7.76
546	2015	0	3	1	1700	1500	11	0.75	1.12
547	2015	0	5	1	4700	3900	6.9	0.4	2.84
548	2015	1	4	3	8800	5600	6.1	0.28	5.08
549	2015	0	3	2	3000	2600	9.7	0.33	2.58
550	2015	0	4	3	11600	10000	12.1	1.61	12.42
551	2015	0	2	3	3000	2800	4.5	0.28	1.07
552	2015	0	3	1	7500	7100	10.4	3.95	3.85
553	2015	0	3	3	4700	3100	6.7	1.3	1.85
554	2015	0	4	2	14500	10200	12.2	3.24	14.45
555	2015	1	2	4	7000	7100	8	1.62	3.98
556	2015	0	4	3	1900	900	10.8	0.85	1.2
557	2015	0	4	3	11300	4200	12	3.38	10.18
558	2015	1	4	2	6000	3800	20.4	4.04	8.2
559	2015	0	4	4	7500	7000	1.9	0.88	0.54
560	2015	0	2	2	2000	1500	5.6	0.21	0.91
561	2015	1	5	1	4000	1100	8	0.56	2.64
562	2015	0	2	1	1800	1400	6.5	0.53	0.64
563	2015	1	3	2	1500	1800	9.1	0.12	1.25
564	2015	0	3	2	7500	5900	3.5	0.63	1.99
565	2015	1	3	1	4200	4400	19.9	2.54	5.82
566	2015	0	3	2	2100	1200	18.3	0.49	3.35
567	2015	0	3	2	3200	1100	4.3	0.43	0.94
568	2015	0	4	2	14400	7400	11.1	3.32	12.66
569	2015	0	3	1	2100	1500	9	0.45	1.44
570	2015	0	4	1	9600	5000	7.8	2.25	5.23
571	2015	0	3	3	3900	2800	13.2	1.14	4.01
572	2015	0	3	1	3500	2200	5	0.23	1.52
573	2015	0	3	1	2100	2300	7.2	0.19	1.32
574	2015	0	2	3	2600	2200	10.4	0.93	1.77
575	2015	1	5	2	2000	1800	10.3	0.38	1.68
576	2015	1	2	2	2400	1900	13.6	1.58	1.69
577	2015	1	3	1	1700	1100	3.7	0.45	0.18
578	2015	0	2	1	3200	2000	6	0.93	0.99
579	2015	0	5	2	3400	1900	4.4	0.26	1.23
580	2015	0	2	1	2100	1300	5.2	0.11	0.98
581	2015	0	4	1	2500	1600	10.1	1.06	1.46
582	2015	0	3	1	1700	1800	17.3	0.52	2.42
583	2015	0	3	1	3300	3300	7	0.4	1.91
584	2015	0	2	1	1800	1500	1.1	0.03	0.17
585	2015	1	2	3	5000	4500	2.4	0.26	0.94
586	2015	0	2	4	3800	3700	10.4	0.64	3.32
587	2015	0	3	2	8900	7400	14.3	5	7.73
588	2015	0	3	1	5300	4800	3.3	0.09	1.66
589	2015	0	3	2	4300	3200	15.4	2.65	3.97
590	2015	0	4	1	3100	2500	12.2	1.99	1.8
591	2015	0	3	2	3200	2800	4.9	0.42	1.15
592	2015	1	4	3	22000	13100	16	8.17	27.03
593	2015	0	2	2	1500	900	2.6	0.15	0.24
594	2015	0	4	2	3600	2200	3.8	0.28	1.09
595	2015	0	2	1	1700	1300	18.6	0.81	2.36
596	2015	0	3	1	3400	1800	1.2	0.04	0.37
597	2015	1	4	3	7100	4700	15.7	6.57	4.58
598	2015	0	3	3	5100	5000	23	2.69	9.04
599	2015	0	2	3	2600	1900	7.7	1.53	0.47
600	2015	0	3	2	8200	4800	0.8	0.47	0.19
601	2015	0	3	2	4400	3300	2.1	0.37	0.56
602	2015	0	4	3	9900	6600	2.3	0.83	1.45
603	2015	0	2	1	2600	1600	9.1	0.64	1.72
604	2015	0	4	1	4500	3600	3.3	0.68	0.81
605	2015	0	2	1	2400	1900	2.7	0.31	0.34
606	2015	1	3	2	4600	2500	16	4	3.36
607	2015	0	3	1	2500	2000	3.7	0.28	0.65
608	2015	1	5	5	7000	4800	9.4	1.33	5.25
609	2015	0	4	1	2700	2400	21.3	1.4	4.35
610	2015	0	3	1	3200	3100	13	0.17	3.99
611	2015	0	4	1	3900	2800	10.1	2.46	1.48
612	2015	0	2	2	2100	1500	8.7	0.45	1.37
613	2015	1	3	3	6500	2300	29.7	3.9	15.41
614	2015	0	5	2	7100	2800	11.1	1.66	6.22
615	2015	0	2	1	4000	2800	6.7	1.63	1.05
616	2015	0	3	1	2700	2400	5	0.24	1.11
617	2015	0	3	1	5300	4300	5.7	1.89	1.13
618	2015	1	2	4	2400	1500	12.1	1.6	1.31
619	2015	0	3	1	2400	2000	4.5	0.22	0.86
620	2015	0	4	1	5000	5000	30.1	3.18	11.87
621	2015	1	2	2	2200	2200	12.9	1.04	1.8
622	2015	0	2	2	4200	4200	5.7	0.84	1.56
623	2015	0	2	1	1600	1300	1.1	0.13	0.05
624	2015	1	4	3	4300	2000	13.2	3.04	2.63
625	2015	0	4	1	24200	14900	2.6	1.64	4.66
626	2015	0	3	5	17700	13900	5.9	0.89	9.56
627	2015	1	2	2	2000	1200	4.5	0.29	0.61
628	2015	1	2	1	2000	1100	19.8	1.01	2.95
629	2015	0	4	1	3100	1700	9.7	0.36	2.65
630	2015	1	2	1	1800	1500	16.3	0.35	2.58
631	2015	0	3	1	5800	3200	16.5	4.58	4.99
632	2015	0	4	1	3300	2400	5.2	0.55	1.17
633	2015	0	2	2	2600	2300	4.5	0.07	1.1
634	2015	1	4	3	9400	5500	10.5	3.61	6.26
635	2015	1	3	2	2200	2100	15	1.97	1.33
636	2015	0	3	1	4200	4100	3.6	0.23	1.28
637	2015	1	2	1	2800	2900	33.3	2.28	7.04
638	2015	1	3	2	4000	3000	17.2	1.8	5.08
639	2015	0	4	5	19000	18800	7.8	3.16	11.66
640	2015	1	2	2	1800	1200	18.7	0.89	2.48
641	2015	0	2	3	3000	2600	19.9	1.52	4.45
642	2015	1	4	2	4800	2700	8.6	1.2	2.93
643	2015	0	4	2	5100	3600	15	0.54	7.11
644	2015	0	4	3	2200	1300	4.2	0.03	0.89
645	2015	0	3	3	3800	2400	15.1	1.38	4.36
646	2015	0	4	1	6600	3400	3.2	1.47	0.64
647	2015	0	4	1	2400	2100	10.6	0.67	1.88
648	2015	1	2	1	1900	1000	23.1	1.89	2.5
649	2015	1	3	1	3100	1800	11.7	1.7	1.93
650	2015	1	4	2	2000	2300	16.9	0.38	3
651	2015	1	3	2	4300	2300	15	1.81	4.64
652	2015	0	4	2	3700	2700	8.5	0.68	2.47
653	2015	0	3	2	6300	3800	18.2	5.55	5.92
654	2015	0	4	2	4100	3600	9.5	0.46	3.44
655	2015	0	5	4	23400	19600	7.7	7.39	10.63
656	2015	0	3	3	6300	4200	13.4	5.09	3.35
657	2015	1	4	4	5900	2800	16.5	4.94	4.8
658	2015	0	3	3	6400	5600	5.8	0.89	2.82
659	2015	0	4	2	1500	1200	4.3	0.01	0.63
660	2015	0	2	1	1400	800	10.5	0.26	1.21
661	2015	0	5	1	2500	2200	4.7	0.21	0.96
662	2015	1	3	3	5000	3600	36.6	7.32	10.98
663	2015	0	2	1	3300	2900	4.8	0.69	0.89
664	2015	1	5	1	4400	4100	13.2	4.96	0.85
665	2015	1	2	3	2300	2400	8.4	0.37	1.56
666	2015	0	3	4	3000	2100	15.7	0.26	4.45
667	2015	1	2	1	1800	1400	14.8	1.94	0.72
668	2015	1	3	2	2800	1800	14.8	2.59	1.55
669	2015	0	4	1	11300	4200	9.2	2.38	8.02
670	2015	0	4	2	14800	10700	7.2	3.97	6.68
671	2015	0	2	1	4600	2100	5.4	1.17	1.31
672	2015	0	4	4	18600	13300	3.6	2.4	4.29
673	2015	0	4	1	2300	2200	6.9	0.41	1.18
674	2015	0	3	3	8300	3300	4.1	0.32	3.08
675	2015	0	3	1	4000	2600	9.9	1.69	2.27
676	2015	0	4	1	7000	5900	12	4.33	4.07
677	2015	1	2	2	4200	1900	3.9	1.02	0.62
678	2015	0	2	1	4300	3400	4.9	0.88	1.22
679	2015	1	5	1	2700	1800	6.4	0.59	1.13
680	2015	0	3	1	1900	2000	13.6	1.25	1.34
681	2015	0	5	1	3800	2200	8.5	0.17	3.06
682	2015	0	3	1	3300	2300	32.5	1.27	9.46
683	2015	0	3	1	5700	3100	10.5	1.14	4.84
684	2015	0	4	2	5500	3700	15	2.53	5.72
685	2015	0	4	1	2800	3200	7.1	0.18	1.8
686	2015	1	3	2	3100	3600	0.9	0.12	0.16
687	2015	0	4	1	10100	9100	5.6	2.99	2.66
688	2015	0	4	2	11300	8100	13.2	3.19	11.72
689	2015	0	4	1	10100	8900	6.4	1.87	4.59
690	2015	0	2	2	4000	2900	11.8	0.44	4.28
691	2015	0	3	4	3000	2900	11.5	0.32	3.13
692	2015	0	2	1	1600	1300	6.3	0.14	0.87
693	2015	0	5	1	5300	3100	10.5	0.84	4.72
694	2015	1	3	1	3900	3100	16.1	1.7	4.58
695	2015	0	3	1	6800	5900	10.8	1.37	5.98
696	2015	0	2	3	2000	1000	4.7	0.22	0.72
697	2015	0	4	2	6600	5500	12.1	2.32	5.67
698	2015	1	3	2	2700	1400	4.6	0.26	0.98
699	2015	0	4	1	7700	3200	8.4	2.3	4.17
700	2015	0	3	1	4400	3600	14.7	2.99	3.47
